,age,sex,cp,trestbps,chol,restecg,thalach,exang,xhypo,oldpeak,num
0,55,1,1,140,295,,136,0,0,0.0,3
1,48,1,4,160,355,0,99,1,0,2.0,2
2,48,1,4,160,193,0,102,1,0,3.0,2
3,55,1,2,145,326,0,155,0,0,0.0,0
4,54,1,4,200,198,0,142,1,0,2.0,2
5,55,1,2,160,292,0,143,1,0,2.0,3
6,43,0,2,120,266,0,118,0,0,0.0,0
7,48,1,4,160,268,0,103,1,0,1.0,1
8,54,1,1,120,171,0,137,0,0,2.0,0
9,54,1,3,120,237,0,150,1,0,1.5,2
10,48,1,4,122,275,1,150,1,0,2.0,2
11,45,1,4,130,219,1,130,1,0,1.0,2
12,49,1,4,130,341,0,120,1,0,1.0,3
13,44,1,4,135,491,0,135,0,0,0.0,4
14,48,1,4,120,260,0,115,0,0,2.0,1
15,61,1,4,125,292,1,115,1,0,0.0,0
16,62,1,2,140,271,0,152,0,0,1.0,0
17,55,1,4,145,248,0,96,1,0,2.0,3
18,53,0,3,120,274,0,130,0,0,0.0,0
19,55,0,2,130,394,2,150,0,0,0.0,0
20,36,1,3,150,160,0,172,0,0,0.0,0
21,51,0,3,150,200,0,120,0,0,0.5,0
22,55,0,2,122,320,0,155,0,0,0.0,0
23,46,1,2,140,275,0,165,1,0,0.0,0
24,54,0,2,120,221,0,138,0,0,1.0,0
25,46,1,4,120,231,0,115,1,0,0.0,2
26,59,1,4,130,,0,125,0,0,0.0,3
27,47,1,3,140,193,0,145,1,0,1.0,1
28,54,1,2,160,305,0,175,0,0,0.0,0
29,52,1,4,130,298,0,110,1,0,1.0,3
30,34,1,2,98,220,0,150,0,0,0.0,0
31,54,1,4,130,242,0,91,1,0,1.0,2
32,47,0,3,130,,0,145,0,0,2.0,0
33,45,1,4,120,225,0,140,0,0,0.0,0
34,32,0,2,105,198,0,165,0,0,0.0,0
35,55,1,4,140,201,0,130,1,0,3.0,1
36,55,1,3,120,220,2,134,0,0,0.0,0
37,45,0,2,180,,0,180,0,0,0.0,0
38,59,1,3,180,213,0,100,0,0,0.0,0
39,51,1,3,135,160,0,150,0,0,2.0,3
40,52,1,4,170,,0,126,1,0,1.5,2
41,57,0,4,180,347,1,126,1,0,0.8,0
42,54,0,2,130,253,1,155,0,0,0.0,0
43,60,1,3,120,246,2,135,0,0,0.0,0
44,49,1,4,150,222,0,122,0,0,2.0,4
45,51,0,3,130,220,0,160,1,0,2.0,0
46,55,0,2,110,344,1,160,0,0,0.0,0
47,42,1,4,140,358,0,170,0,0,0.0,0
48,51,0,3,110,190,0,120,0,0,0.0,0
49,59,1,4,140,,0,140,0,0,0.0,0
50,53,1,2,120,,0,132,0,0,0.0,0
51,48,0,2,,308,1,,,,2.0,0
52,36,1,2,120,166,0,180,0,0,0.0,0
53,54,0,2,160,312,0,130,0,0,0.0,0
54,58,1,3,160,211,1,92,0,0,0.0,2
55,58,1,2,130,251,0,110,0,0,0.0,0
56,41,1,4,120,237,0,138,1,0,1.0,1
57,50,0,4,120,328,0,110,1,0,1.0,0
58,53,1,4,180,285,1,120,1,0,1.5,3
59,46,1,4,180,280,1,120,0,0,0.0,0
60,50,1,2,170,209,1,116,0,0,0.0,0
61,48,1,2,130,245,0,160,0,0,0.0,0
62,45,1,3,135,,0,110,0,0,0.0,0
63,41,0,2,125,184,0,180,0,0,0.0,0
64,62,0,1,160,193,0,116,0,0,0.0,0
65,49,1,4,120,297,0,132,0,0,1.0,0
66,42,1,2,150,268,0,136,0,0,0.0,0
67,53,1,4,120,246,0,116,1,0,0.0,2
68,57,0,1,130,308,0,98,0,0,1.0,0
69,47,1,1,110,249,0,150,0,0,0.0,0
70,46,1,3,120,230,0,150,0,0,0.0,0
71,42,1,3,160,147,0,146,0,0,0.0,0
72,31,0,2,100,219,1,150,0,0,0.0,0
73,56,1,2,130,184,0,100,0,0,0.0,0
74,50,1,4,150,215,0,140,1,0,0.0,0
75,35,1,2,120,308,2,180,0,0,0.0,0
76,35,1,2,110,257,0,140,0,0,0.0,1
77,28,1,2,130,132,2,185,0,0,0.0,0
78,54,1,4,125,216,0,140,0,0,0.0,1
79,48,1,4,106,263,0,110,0,0,0.0,1
80,50,0,3,140,288,0,140,1,0,0.0,1
81,56,1,3,130,276,0,128,1,,1.0,0
82,56,0,3,130,219,1,164,0,0,0.0,0
83,47,1,4,150,226,0,98,1,0,1.5,1
84,30,0,1,170,237,1,170,0,0,0.0,0
85,39,1,4,110,280,0,150,0,0,0.0,2
86,54,1,3,120,217,0,137,0,0,0.0,0
87,55,1,2,140,196,0,150,0,0,0.0,0
88,29,1,2,140,,0,170,0,0,0.0,0
89,46,1,4,130,222,0,112,0,0,0.0,2
90,51,0,4,160,303,0,150,1,0,1.0,1
91,48,0,3,120,195,0,125,0,0,0.0,0
92,33,1,3,120,298,0,185,0,0,0.0,0
93,55,1,2,120,256,0,137,0,0,0.0,0
94,50,1,4,145,264,0,150,0,0,0.0,1
95,53,1,3,120,195,0,140,0,0,0.0,0
96,38,1,4,92,117,0,134,1,0,2.5,1
97,41,1,2,120,295,0,170,0,0,0.0,0
98,37,0,4,130,173,1,184,0,0,0.0,0
99,37,1,4,130,315,0,158,0,0,0.0,0
100,40,1,3,130,281,0,167,0,0,0.0,0
101,38,0,2,120,275,0,129,0,0,0.0,0
102,41,1,4,112,250,0,142,0,0,0.0,0
103,54,0,2,140,309,1,140,0,0,0.0,0
104,39,1,2,120,200,0,160,1,0,1.0,0
105,41,1,4,120,336,0,118,1,0,3.0,4
106,58,1,2,130,230,0,150,0,0,0.0,0
107,54,1,2,120,246,0,110,0,0,0.0,0
108,34,0,2,130,161,0,190,0,0,0.0,0
109,48,0,4,108,163,0,175,0,0,2.0,0
110,54,0,2,120,230,0,140,0,0,0.0,0
111,42,1,3,120,228,0,152,1,0,1.5,0
112,38,1,3,145,292,0,130,0,0,0.0,0
113,46,1,4,110,202,0,150,1,0,0.0,1
114,56,1,4,170,388,1,122,1,0,2.0,3
115,56,1,4,150,230,1,124,1,0,1.5,3
116,61,0,4,130,294,1,120,1,0,1.0,0
117,49,1,3,115,265,0,175,0,0,0.0,1
118,43,0,2,120,215,1,175,0,0,0.0,0
119,39,1,2,120,,1,146,0,0,2.0,0
120,54,1,4,140,,0,118,1,0,0.0,2
121,52,1,4,160,331,0,94,1,0,2.5,4
122,50,1,4,140,341,1,125,1,0,2.5,4
123,47,1,4,160,291,1,158,1,0,3.0,4
124,53,1,4,140,243,0,155,0,0,0.0,0
125,56,0,2,120,279,0,150,0,0,1.0,3
126,39,1,4,110,273,0,132,0,0,0.0,0
127,42,1,2,120,198,0,155,0,0,0.0,0
128,43,0,2,120,249,1,176,0,0,0.0,0
129,50,1,2,120,168,0,160,0,0,0.0,0
130,54,1,4,130,603,0,125,1,0,1.0,2
131,39,1,2,130,,0,120,0,0,0.0,0
132,48,1,2,100,,0,100,0,0,0.0,0
133,40,1,2,130,275,0,150,0,0,0.0,0
134,55,1,4,120,270,0,140,0,0,0.0,0
135,41,1,2,120,291,1,160,0,0,0.0,0
136,56,1,4,155,342,0,150,1,0,3.0,4
137,38,1,4,110,,0,150,1,0,1.0,2
138,49,1,4,140,,0,130,0,0,0.0,0
139,44,1,4,130,290,0,100,1,0,2.0,3
140,54,1,2,160,195,1,130,0,0,1.0,0
141,59,1,4,140,264,2,119,1,0,0.0,3
142,49,1,4,128,212,0,96,1,0,0.0,4
143,47,1,2,160,263,0,174,0,0,0.0,0
144,49,0,2,110,,0,160,0,0,0.0,0
145,42,1,2,120,196,0,150,0,0,0.0,0
146,52,0,2,140,,0,140,0,0,0.0,0
147,46,1,1,140,272,0,175,0,0,2.0,3
148,50,1,4,140,231,1,140,1,0,5.0,4
149,48,1,2,140,238,0,118,0,0,0.0,0
150,58,1,4,135,222,0,100,0,0,0.0,0
151,58,1,3,140,179,0,160,0,0,0.0,0
152,29,1,2,120,243,0,160,0,0,0.0,0
153,40,1,3,140,,0,188,0,0,0.0,0
154,53,1,2,140,320,0,162,0,0,0.0,0
155,49,1,3,140,187,0,172,0,0,0.0,0
156,52,1,4,140,266,0,134,1,0,2.0,4
157,43,1,4,140,288,0,135,1,0,2.0,4
158,54,1,4,140,216,0,105,0,0,1.5,3
159,59,1,2,140,287,0,150,0,0,0.0,0
160,37,1,3,130,194,0,150,0,0,0.0,0
161,46,0,4,130,238,0,90,0,0,0.0,0
162,52,1,4,130,225,0,120,1,0,2.0,1
163,51,1,2,130,224,0,150,0,0,0.0,0
164,52,1,4,140,404,0,124,1,0,2.0,3
165,46,1,4,110,238,1,140,1,0,1.0,0
166,58,1,3,130,213,1,140,0,0,0.0,1
167,54,1,4,150,365,1,134,0,0,1.0,0
168,52,1,4,112,342,1,96,1,0,1.0,3
169,49,1,2,100,253,0,174,0,0,0.0,0
170,43,0,3,150,,0,175,0,0,0.0,0
171,45,1,4,140,224,0,144,0,0,0.0,0
172,46,1,4,120,277,0,125,1,0,1.0,1
173,50,0,2,110,202,0,145,0,0,0.0,0
174,37,0,2,120,260,0,130,0,0,0.0,0
175,45,0,4,132,297,0,144,0,0,0.0,0
176,32,1,2,110,225,0,184,0,0,0.0,0
177,52,1,4,160,246,1,82,1,0,4.0,3
178,44,1,4,150,412,0,170,0,0,0.0,0
179,57,1,2,140,265,1,145,1,0,1.0,1
180,44,1,2,130,215,0,135,0,0,0.0,0
181,52,1,4,120,182,0,150,0,0,0.0,2
182,44,0,4,120,218,1,115,0,0,0.0,0
183,55,1,4,140,268,0,128,1,0,1.5,2
184,46,1,3,150,163,0,116,0,0,0.0,0
185,32,1,4,118,529,0,130,0,0,0.0,2
186,35,0,4,140,167,0,150,0,0,0.0,0
187,52,1,2,140,100,0,138,1,0,0.0,0
188,49,1,4,130,206,0,170,0,0,0.0,1
189,55,1,3,110,277,0,160,0,0,0.0,0
190,54,1,2,120,238,0,154,0,0,0.0,0
191,63,1,4,150,223,0,115,0,0,0.0,1
192,52,1,2,160,196,0,165,0,0,0.0,0
193,56,1,4,150,213,0,125,1,0,1.0,2
194,66,1,4,140,,0,94,1,0,1.0,3
195,65,1,4,170,263,0,112,1,0,2.0,3
196,53,0,2,140,216,0,142,1,0,2.0,0
197,43,1,1,120,291,1,155,0,0,0.0,2
198,55,1,4,140,229,0,110,1,0,0.5,0
199,49,0,2,110,,0,160,0,0,0.0,0
200,39,1,4,130,307,0,140,0,0,0.0,0
201,52,0,2,120,210,0,148,0,0,0.0,0
202,48,1,4,160,329,0,92,1,0,1.5,2
203,39,0,3,110,182,1,180,0,0,0.0,0
204,58,1,4,130,263,0,140,1,0,2.0,2
205,43,1,2,142,207,0,138,0,0,0.0,0
206,39,1,3,160,147,0,160,0,0,0.0,0
207,56,1,4,120,85,0,140,0,0,0.0,0
208,41,1,2,125,269,0,144,0,0,0.0,0
209,65,1,4,130,275,1,115,1,0,1.0,4
210,51,1,4,130,179,0,100,0,0,0.0,0
211,40,0,4,150,392,0,130,0,0,2.0,2
212,40,1,4,120,466,0,152,1,0,1.0,1
213,46,1,4,118,186,0,124,0,0,0.0,1
214,57,1,2,140,260,0,140,0,0,0.0,0
215,48,0,4,120,254,1,110,0,0,0.0,0
216,34,1,2,150,214,1,168,0,0,0.0,0
217,50,1,4,140,129,0,135,0,0,0.0,0
218,39,1,2,190,241,0,106,0,0,0.0,0
219,59,0,2,130,188,0,124,0,0,1.0,0
220,57,1,4,150,255,0,92,1,0,3.0,2
221,47,1,4,140,276,0,125,1,0,0.0,0
222,38,1,2,140,297,0,150,0,0,0.0,0
223,49,0,3,130,207,1,135,0,0,0.0,0
224,33,0,4,100,246,0,150,1,0,1.0,1
225,38,1,4,120,282,0,170,0,0,0.0,1
226,59,0,4,130,338,1,130,1,0,1.5,1
227,35,0,1,120,160,1,185,0,0,0.0,0
228,34,1,1,140,156,0,180,0,0,0.0,1
229,47,0,3,135,248,0,170,0,0,0.0,3
230,52,0,3,125,272,0,139,0,0,0.0,0
231,46,1,4,110,240,1,140,0,0,0.0,0
232,58,0,2,180,393,0,110,1,0,1.0,4
233,40,1,2,140,289,0,172,0,0,0.0,0
234,49,0,3,160,180,0,156,0,0,1.0,1
235,37,1,2,130,283,1,98,0,0,0.0,0
236,48,0,4,138,214,0,108,1,0,1.5,3
237,54,1,3,150,,0,122,0,1,0.0,0
238,39,1,3,120,339,0,170,0,0,0.0,0
239,45,0,2,130,237,0,170,0,0,0.0,0
240,54,1,2,110,208,0,142,0,0,0.0,0
241,37,1,4,140,207,0,130,1,0,1.5,1
242,48,0,2,120,284,0,120,0,0,0.0,0
243,37,0,3,130,211,0,142,0,0,0.0,0
244,58,1,2,136,164,1,99,1,0,2.0,3
245,39,1,2,120,204,0,145,0,0,0.0,0
246,49,1,4,140,234,0,140,1,0,1.0,3
247,42,0,3,115,211,1,137,0,0,0.0,0
248,54,0,2,120,273,0,150,0,0,1.5,0
249,38,1,4,110,196,0,166,0,0,0.0,1
250,43,0,2,120,201,0,165,0,0,0.0,0
251,60,1,4,100,248,0,125,0,0,1.0,1
252,36,1,2,120,267,0,160,0,0,3.0,1
253,43,0,1,100,223,0,142,0,0,0.0,0
254,44,1,2,120,184,0,142,0,0,1.0,0
255,49,0,2,124,201,0,164,0,0,0.0,0
256,44,1,2,150,288,0,150,1,0,3.0,3
257,40,1,3,130,215,0,138,0,0,0.0,0
258,36,1,3,130,209,0,178,0,0,0.0,0
259,53,1,4,124,260,1,112,1,0,3.0,0
260,52,1,2,120,284,0,118,0,0,0.0,0
261,53,0,2,113,468,0,127,0,0,0.0,0
262,51,1,2,125,188,0,145,0,0,0.0,0
263,53,1,3,145,518,0,130,0,0,0.0,3
264,56,1,3,130,,0,114,0,0,0.0,0
265,54,1,4,125,224,0,122,0,0,2.0,1
266,41,1,4,130,172,1,130,0,0,2.0,3
267,43,0,2,150,186,0,154,0,0,0.0,0
268,32,1,2,125,254,0,155,0,0,0.0,0
269,65,1,4,140,306,0,87,1,0,1.5,1
270,41,0,2,110,250,1,142,0,0,0.0,0
271,48,0,2,120,,1,148,0,0,0.0,0
272,48,0,4,150,227,0,130,1,0,1.0,0
273,54,0,2,150,230,0,130,0,0,0.0,0
274,54,0,3,130,294,1,100,1,0,0.0,4
275,35,1,2,150,264,0,168,0,0,0.0,0
276,52,1,3,140,259,1,170,0,0,0.0,0
277,43,1,4,120,175,0,120,1,0,1.0,3
278,59,1,3,130,318,0,120,1,0,1.0,0
279,37,1,4,120,223,0,168,0,0,0.0,0
280,50,1,2,140,216,0,170,0,0,0.0,0
281,36,1,3,112,340,0,184,0,0,1.0,0
282,41,1,4,110,289,0,170,0,0,0.0,1
283,50,1,4,130,233,0,121,1,0,2.0,2
284,47,0,4,120,205,0,98,1,0,2.0,4
285,45,1,2,140,224,0,122,0,0,0.0,0
286,41,0,2,130,245,0,150,0,0,0.0,0
287,52,0,4,130,180,0,140,1,0,1.5,0
288,51,0,2,160,194,0,170,0,0,0.0,0
289,31,1,4,120,270,0,153,1,0,1.5,1
290,47,0,2,140,257,0,135,0,0,1.0,0
291,48,1,3,110,211,0,138,0,0,0.0,0
292,53,1,4,130,182,0,148,0,0,0.0,0
